pbhh,pbll,pshh,pshl,muh,mul,l
0.5,0.5,0.5,0.5,0.5,0.5,0.0
0.4984273976990478,0.5110101480977064,0.5061935995776992,0.5061144297000201,0.5000391036499707,0.4999599217772211,0.0006292890696112775
0.4968300616101218,0.5222049525725555,0.5122946372118183,0.511972568673829,0.5001572190030779,0.4998349606880428,0.001269989008769468
0.4952098282908684,0.533582923906869,0.5182993706636373,0.5175624175619835,0.5003557198025984,0.4996178177087819,0.001922967684563917
0.4935686551132133,0.5451416649002861,0.5242042539562646,0.5228719100951484,0.500636221082505,0.4993009179690684,0.002589152577787312
0.4919086446827096,0.5568778454171074,0.5300060051522913,0.527888934356613,0.501000605408256,0.498876414699134,0.003269539892995994
0.4902320741633833,0.5687871819719976,0.5357016793780796,0.5326013505127045,0.5014510531088225,0.4983361924719946,0.003965204731562714
0.4885414308258619,0.5808644210311368,0.5412887475981282,0.5369970050640562,0.5019900766209124,0.4976718692661701,0.004677312421707424
0.4868394553508529,0.5931033244430346,0.5467651821214663,0.5410637424431393,0.5026205589636298,0.4968747969367447,0.005407131107070209
0.4851291946455103,0.6054966550146109,0.5521295504717116,0.5447894158032088,0.5033457962229559,0.49593605978069,0.00615604570736851
0.4834140661612583,0.6180361599635471,0.5573811200946748,0.5481619001364573,0.5041695437398221,0.4948464710060176,0.006925573382872449
0.4816979359290546,0.6307125498604368,0.5625199774336218,0.5511691124501089,0.5050960654488849,0.4935965670432603,0.00771738066135637
0.4799852127373058,0.6435154707783765,0.5675471661948502,0.5537990456431995,0.5061301854888847,0.4921765997387831,0.008533302425476473
0.4782809610462164,0.6564334677461066,0.5724648511785149,0.556039824985808,0.5072773407765283,0.4905765264921812,0.00937536301550906
0.4765910353273283,0.6694539382984815,0.5772765158853171,0.5578797987204611,0.5085436326765236,0.4887859982720377,0.01024579978476772
0.474922238492449,0.6825630759588699,0.5819872042492159,0.559307677279805,0.5099358751784756,0.4867943450658625,0.01114708956352448
0.4732825068718041,0.6957458048501767,0.5866038193000531,0.5603127389158464,0.5114616360692813,0.4845905575606868,0.01208197865577857
0.4716811237425578,0.7089857082018743,0.591135494315113,0.5608851230988761,0.5131292664206574,0.4821632625524544,0.01305351722751867
0.4701289626088462,0.7222649550226854,0.5955940550166189,0.5610162367705321,0.5149479122274878,0.4795006875769462,0.0140650992583099
0.4686387601937608,0.7355642300898594,0.5999945944683835,0.5606993023246871,0.5169275001153478,0.4765906074115559,0.01512050961928391
0.4672254172983907,0.7488626716865491,0.6043561852114178,0.5599300800191432,0.5190786864532311,0.4734202614220939,0.01622398027122103
0.4659063231146118,0.7621378176097082,0.6087027552271331,0.5587078015964733,0.5214127554948151,0.4699762265541554,0.01738025792296393
0.4647016948311486,0.7753655504999544,0.6130641542458901,0.5570363568629556,0.5239414464189234,0.4662442270823697,0.01859468545833243
0.4636349184789298,0.7885200152794741,0.6174774320817312,0.554925782113749,0.5266766796655817,0.4622088612226939,0.01987329841114253
0.4627328667143148,0.8015734505418736,0.6219883355887522,0.5523941103317541,0.5296301368854541,0.4578532306434601,0.0212229345458064
0.4620261499411572,0.8144958285068365,0.626652994302445,0.5494696589328398,0.5328126216926818,0.4531584794310121,0.02265134700771004
0.4615492197056504,0.8272541339278192,0.6315396848271144,0.5461938475154485,0.5362330845509296,0.4481032970037022,0.02416729584588661
0.4613401719787324,0.8398110400962356,0.6367304002489723,0.5426246368570977,0.539897130393742,0.4426635343864055,0.02578056335569357
0.4614399709120671,0.8521226945422982,0.6423216390221332,0.5388406073957281,0.5438047490682312,0.43681224932918,0.02750178900018314
0.4618906150316084,0.8641354018019557,0.6484232947637522,0.5349454286652867,0.5479469601704705,0.4305207445795124,0.02934194789256557
0.4627315343854754,0.8757813867809967,0.6551537838317926,0.5310717957995732,0.5523011770117027,0.4237614350325665,0.03131122522927825
0.4639934417996803,0.8869748482104687,0.6626289536902443,0.5273826039771531,0.5568256454492739,0.4165134076952943,0.03341705507162585
0.4656894768827808,0.8976112958939082,0.670943032298601,0.5240654205149875,0.5614546329935145,0.4087707117565539,0.03566138584296322
0.4678054275712849,0.907574741438359,0.6801437787065322,0.5213158207725086,0.5660979187327199,0.4005510818047491,0.03803799026131775
0.4702936996861573,0.9167557444631529,0.690211195087055,0.519309075034585,0.5706487209326729,0.3918997454376417,0.04053155906252383
0.4730765517927982,0.925076138916781,0.7010536372595096,0.5181688616318546,0.5750005744619836,0.3828829113492802,0.04312021480128715
0.4760595448752836,0.9325081226932137,0.7125277321863759,0.5179484934784878,0.5790666388547049,0.3735716522364736,0.04578103881986569
0.4791489360786228,0.9390768332360993,0.7244721659780342,0.5186341715919878,0.5827917886688644,0.3640244960400306,0.0484958332587648
0.4822647202934705,0.9448472006301045,0.736737483876104,0.5201650907332869,0.586153214066779,0.3542772550793216,0.05125441631096779
0.4853457922323213,0.9499049104336785,0.749201691315811,0.5224573443494658,0.5891529649878682,0.3443418961245323,0.05405497749878011
0.4883489882693043,0.9543403529695044,0.7617728869949921,0.5254222547483166,0.5918083919764391,0.3342108436068191,0.0569027285319457
0.4912453746177086,0.9582387499349659,0.7743849528667249,0.5289768641262528,0.5941442681306485,0.3238625912800431,0.05980820425988001
0.4940161697247851,0.961675630628753,0.7869912685051422,0.5330483608170368,0.5961876075714868,0.3132663912200048,0.06278593916870244
0.4966493352487859,0.9647156771187954,0.7995589270139408,0.5375749484530542,0.5979647525829784,0.3023854524580988,0.06585371157443494
0.4991370432588846,0.9674132835046725,0.8120642027396935,0.5425050131336256,0.5994999688636351,0.2911788558622883,0.06903230900719308
0.5014738943201776,0.969813806757432,0.8244892324486178,0.5477956519583627,0.6008149195674576,0.2796025827505721,0.0723457208868994
0.5036556871738972,0.9719549797105927,0.8368196274524272,0.5534110753683319,0.6019286049103444,0.2676100179238872,0.07582169465786916
0.5056785638136372,0.9738682549191506,0.8490427151862354,0.5593210823496381,0.6028575263520354,0.255152210404024,0.07949264197834517
0.5075383995430991,0.975580007974296,0.8611461531073124,0.5654996445486162,0.6036159462441422,0.2421781271071265,0.08339693453612125
0.5092303508943845,0.9771126114298075,0.8731167002266831,0.5719235488818083,0.6042161806671801,0.2286351389798751,0.08758068401486266
0.5107485112796802,0.9784854382823902,0.8849389487205942,0.578570989951713,0.6046689027089278,0.2144700518676067,0.09210016243111324
0.5120856599785483,0.9797158946545842,0.8965937988620075,0.5854199409893749,0.6049834591627462,0.1996311661014401,0.09702509122610661
0.5132331351885808,0.9808206355634582,0.9080563921157586,0.5924460369112633,0.6051682253554058,0.1840721821832751,0.1024431045745471
0.5141809347762986,0.9818172040993864,0.9192930780953512,0.5996195421941071,0.6052310487223169,0.1677593828239854,0.1084657377609394
0.514918280523208,0.9827264662353348,0.9302567521658803,0.6069007088057324,0.605179869847478,0.1506846107545057,0.1152361752790408
0.5154351203697654,0.9835763649812608,0.9408795586462994,0.614232434333422,0.6050236657512347,0.1328883683551529,0.1229383244642483
0.51572542080722,0.9844074884630057,0.9510616982931157,0.6215287608019506,0.6047739211392621,0.1144997877288129,0.1318045136447638
0.5157934462294029,0.9852799554533751,0.9606559013796889,0.6286583281373703,0.6044468007258709,0.09580097838316842,0.1421129741672874
0.5156634886797901,0.9862771068378718,0.9694523844052064,0.635426638384296,0.6040657087785742,0.07731205720955577,0.1541538412577068
0.5153887822918952,0.9874924484250118,0.9771848707571215,0.6415760345872954,0.6036622626175977,0.05984467375647833,0.1681326077816478
0.5150455001461575,0.988982432739829,0.98359687765804,0.6468415887790047,0.6032713885900085,0.04438536171180179,0.1840202504254306
0.5147000346615592,0.990703126650015,0.9885698314273139,0.6510691403773309,0.602919208695838,0.03171865900684932,0.2014829878301464
0.5143741884090283,0.9925043623219364,0.9922017579655427,0.6542948979923773,0.6026138919719134,0.02205988193856818,0.2200266953574436
0.5140487769588711,0.9942058204033706,0.9947438723911417,0.6566951750342177,0.60234973488242,0.01507950781644927,0.2392180642576233
0.513695249104795,0.9956771814867466,0.9964789344724663,0.6584787029019625,0.6021174874623187,0.01020473399480711,0.258772262810789
0.5132984085820258,0.9968643963790842,0.9976474637704419,0.6598212490678547,0.6019102840632461,0.006868091522534454,0.2785249773680094
0.5128598279116712,0.9977738344024791,0.9984294124605594,0.6608511017579844,0.6017243039407237,0.004609620538251279,0.2983850892851493
0.5123914464980653,0.9984445106587788,0.9989513146086171,0.6616568571013519,0.6015575086445422,0.0030898958194325,0.3183028071147205
0.5119084284321688,0.9989257457725857,0.9992994392410404,0.6622990230880281,0.6014085002463946,0.002070205601845916,0.3382514383099345
0.5114246727039877,0.9992643497613082,0.999531722878528,0.6628193576297704,0.6012759486238614,0.001386875818163324,0.3582169801823624
0.5109509407656537,0.9994992905254639,0.9996868158294143,0.6632472336089619,0.6011584260765117,0.0009291480497031721,0.378192187481116
0.5104945987411692,0.9996606892276657,0.9997904441687058,0.663603743371644,0.6010544293455116,0.0006225555933302489,0.3981732986765592
0.5100600993460509,0.9997707827273473,0.9998597307008507,0.6639043255031917,0.6009624543651212,0.0004171752060941589,0.4181583068642688
0.5096496769468212,0.9998455014683302,0.9999060811833804,0.6641604705185459,0.6008810646189151,0.0002795756632612593,0.4381460820629813
0.5092640073576784,0.9998960299205121,0.999937101501853,0.6643808561644728,0.6008089361145542,0.0001873752248101472,0.4581359383789272
0.508902742222946,0.9999301124759216,0.9999578689254729,0.6645721220965245,0.6007448795269308,0.0001255881998377689,0.4781274237168726
0.508564906045209,0.9999530602049543,0.9999717757923796,0.6647394103249283,0.6006878455143114,8.417879288469584e-05,0.4981202173638439
0.5082491746682175,0.9999684909848404,0.999981090298523,0.6648867490396076,0.6006369194422461,5.642461003937453e-05,0.5181140788688819
0.5079540619849188,0.9999788576649357,0.9999873298613292,0.6650173290585708,0.600591310363076,3.782183546176528e-05,0.5381088211874621
0.5076780399494342,0.9999858176931151,0.9999915100631492,0.6651337051987277,0.6005503375347535,2.53525712824371e-05,0.5581042954483186
0.5074196121452661,0.9999904884139853,0.9999943108361855,0.6652379443714894,0.6005134164972524,1.69943607261871e-05,0.5781003814917027
0.5071773560570273,0.9999936218194392,0.9999961875059272,0.6653317354522404,0.6004800458336197,1.139173039613363e-05,0.5980969814630728
