pool_n,pool_inf,lmix_n,lmix_inf,hmix_n,hmix_inf
1.0,0.5,1.0,0.6666666666666666,1.0,0.5
1.02,0.5,1.02,0.6666666666666666,1.02,0.5000000017530778
1.04,0.5,1.04,0.6666666666666666,1.04,0.5000000034387295
1.06,0.5,1.06,0.6666666666666666,1.06,0.5000000151823152
1.08,0.5,1.08,0.6666666666666666,1.08,0.5000010927518209
1.1,0.5,1.1,0.6666666666666666,1.1,0.5000169304284182
1.12,0.5,1.12,0.6666666666666666,1.12,0.5001057460904121
1.1400000000000001,0.5,1.1400000000000001,0.6666666666666666,1.1400000000000001,0.5003915727138519
1.16,0.5,1.16,0.6666666666666666,1.16,0.5010468507635182
1.18,0.5,1.18,0.6666666666666666,1.18,0.5022539966187235
1.2,0.5,1.2,0.6666666666666666,1.2,0.5041729360818863
1.22,0.5,1.22,0.6666666666666666,1.22,0.5069246912588838
1.24,0.5,1.24,0.6666666666666666,1.24,0.510587994129427
1.26,0.5,1.26,0.6666666666666666,1.26,0.5152031850247156
1.28,0.5,1.28,0.6666666666666666,1.28,0.5207793721929193
1.3,0.5,1.3,0.6666666666666666,1.3,0.5273015659589034
1.32,0.5,1.32,0.6666666666666666,1.32,0.5347372185100209
1.34,0.5,1.34,0.6666666666666666,1.34,0.5430418444213583
1.3599999999999999,0.5,1.3599999999999999,0.6666666666666666,1.3599999999999999,0.5521629461470772
1.38,0.5,1.38,0.6666666666666666,1.38,0.5620433441970659
1.4,0.5,1.4,0.6666666666666666,1.4,0.5726237722805567
1.42,0.5,1.42,0.6666666666666666,1.42,0.5838443691461859
1.44,0.5,1.44,0.6666666666666666,1.44,0.595646026233832
1.46,0.5,1.46,0.6666666666666666,1.46,0.6079712791802132
1.48,0.5,1.48,0.6666666666666666,1.48,0.6207650255512547
1.5,0.5,1.5,0.6666666666666666,1.5,0.6339745819568634
1.52,0.5,1.52,0.6666666666666666,1.52,0.6475503107434826
1.54,0.5,1.54,0.6666666666666666,1.54,0.6614454245412504
1.56,0.5,1.56,0.6666666666666666,1.56,0.6756162139085623
1.58,0.5,1.58,0.6666666666666666,1.58,0.6900217687781853
1.6,0.5,1.6,0.6666666666666666,1.6,0.7046242170035839
1.62,0.5,1.62,0.6666666666666666,1.62,0.7193884948889414
1.6400000000000001,0.5,1.6400000000000001,0.6666666666666666,1.6400000000000001,0.7342821563162455
1.6600000000000001,0.5,1.6600000000000001,0.6666666666666666,1.6600000000000001,0.7492752473756491
1.6800000000000002,0.5,1.6800000000000002,0.6666666666666666,1.6800000000000002,0.7643403432198934
1.7000000000000002,0.5,1.7000000000000002,0.6666666666666666,1.7000000000000002,0.7794521152973175
1.72,0.5,1.72,0.6666666666666666,1.72,0.7945875026458917
1.74,0.5,1.74,0.6666666666666666,1.74,0.8097253513747248
1.76,0.5,1.76,0.6666666666666666,1.76,0.8248464688658714
1.78,0.5,1.78,0.6666666666666666,1.78,0.8399332041820783
1.8,0.5,1.8,0.6666666666666666,1.8,0.8549697001775105
1.82,0.5,1.82,0.6666666666666666,1.82,0.8699414392749032
1.8399999999999999,0.5,1.8399999999999999,0.6666666666666666,1.8399999999999999,0.875
1.8599999999999999,0.5,1.8399999999999999,0.6730372309684753,1.8599999999999999,0.875
1.88,0.5,1.82,0.6965139842295384,1.88,0.875
1.9,0.5,1.8,0.7203962008158364,1.9,0.875
1.92,0.5,1.78,0.7446787585033459,1.92,0.875
1.94,0.5,1.76,0.7693547687747262,1.94,0.875
1.96,0.5,1.74,0.7944154067971241,1.96,0.875
1.98,0.5,1.72,0.8198497295379639,1.98,0.875
2.0,0.5,1.7000000000000002,0.8456442846971399,2.0,0.875
2.02,0.5,1.6800000000000002,0.8717830152738661,2.02,0.875
2.04,0.5,1.6800000000000002,0.875,2.04,0.875
2.06,0.5,1.7000000000000002,0.875,2.06,0.875
2.08,0.5,1.72,0.875,2.08,0.875
2.1,0.5,1.74,0.875,2.1,0.875
2.12,0.5,1.76,0.875,2.12,0.875
2.14,0.5,1.78,0.875,2.14,0.875
2.16,0.5,1.8,0.875,2.16,0.875
2.1799999999999997,0.5,1.82,0.875,2.1799999999999997,0.875
2.2,0.5,1.8399999999999999,0.875,2.2,0.875
2.2199999999999998,0.5,1.8599999999999999,0.875,2.2199999999999998,0.875
2.24,0.5,1.88,0.875,2.24,0.875
2.26,0.5,1.9,0.875,2.26,0.875
2.2800000000000002,0.5,1.92,0.875,2.2800000000000002,0.875
2.3,0.5,1.94,0.875,2.3,0.875
2.3200000000000003,0.5,1.96,0.875,2.3200000000000003,0.875
2.34,0.5,1.98,0.875,2.34,0.875
2.3600000000000003,0.5,2.0,0.875,2.3600000000000003,0.875
2.38,0.5,2.02,0.875,2.38,0.875
2.4000000000000004,0.5,2.04,0.875,2.4000000000000004,0.875
2.42,0.5,2.06,0.875,2.42,0.875
2.44,0.5,2.08,0.875,2.44,0.875
2.46,0.5,2.1,0.875,2.46,0.875
2.48,0.5,2.12,0.875,2.48,0.875
2.5,0.5,2.14,0.875,2.5,0.875
2.52,0.5,2.16,0.875,2.52,0.875
2.54,0.5,2.1799999999999997,0.875,2.54,0.875
2.56,0.5,2.2,0.875,2.56,0.875
2.58,0.5,2.2199999999999998,0.875,2.58,0.875
2.6,0.5,2.24,0.875,2.6,0.875
2.62,0.5,2.26,0.875,2.62,0.875
2.64,0.5,2.2800000000000002,0.875,2.64,0.875
2.66,0.5,2.3,0.875,2.66,0.875
2.6799999999999997,0.5,2.3200000000000003,0.875,2.6799999999999997,0.875
2.7,0.5,2.34,0.875,2.7,0.875
2.7199999999999998,0.5,2.3600000000000003,0.875,2.7199999999999998,0.875
2.74,0.5,2.38,0.875,2.74,0.875
2.76,0.5,2.4000000000000004,0.875,2.76,0.875
2.7800000000000002,0.5,2.42,0.875,2.7800000000000002,0.875
2.8,0.5,2.44,0.875,2.8,0.875
2.8200000000000003,0.5,2.46,0.875,2.8200000000000003,0.875
2.84,0.5,2.48,0.875,2.84,0.875
2.8600000000000003,0.5,2.5,0.875,2.8600000000000003,0.875
2.88,0.5,2.52,0.875,2.88,0.875
2.9000000000000004,0.5,2.54,0.875,2.9000000000000004,0.875
2.92,0.5,2.56,0.875,2.92,0.875
2.94,0.5,2.58,0.875,2.94,0.875
2.96,0.5,2.6,0.875,2.96,0.875
2.98,0.5,2.62,0.875,2.98,0.875
3.0,0.5,2.64,0.875,3.0,0.875
3.02,0.5,2.66,0.875,3.02,0.875
3.04,0.5,2.6799999999999997,0.875,3.04,0.875
3.06,0.5,2.7,0.875,3.06,0.875
3.08,0.5,2.7199999999999998,0.875,3.08,0.875
3.1,0.5,2.74,0.875,3.1,0.875
3.12,0.5,2.76,0.875,3.12,0.875
3.14,0.5,2.7800000000000002,0.875,3.14,0.875
3.16,0.5,2.8,0.875,3.16,0.875
3.18,0.5,2.8200000000000003,0.875,3.18,0.875
3.2,0.5,2.84,0.875,3.2,0.875
3.22,0.5,2.8600000000000003,0.875,3.22,0.875
3.24,0.5,2.88,0.875,3.24,0.875
3.2600000000000002,0.5,2.9000000000000004,0.875,3.2600000000000002,0.875
3.2800000000000002,0.5,2.92,0.875,3.2800000000000002,0.875
3.3000000000000003,0.5,2.94,0.875,3.3000000000000003,0.875
3.32,0.5,2.96,0.875,3.32,0.875
3.34,0.5,2.98,0.875,3.34,0.875
3.36,0.5,3.0,0.875,3.36,0.875
3.38,0.5,3.02,0.875,3.38,0.875
3.4,0.5,3.04,0.875,3.4,0.875
3.42,0.5,3.06,0.875,3.42,0.875
3.44,0.5,3.08,0.875,3.44,0.875
3.46,0.5,3.1,0.875,3.46,0.875
3.48,0.5,3.12,0.875,3.48,0.875
3.5,0.5,3.14,0.875,3.5,0.875
3.52,0.5,3.16,0.875,3.52,0.875
3.54,0.5,3.18,0.875,3.54,0.875
3.56,0.5,3.2,0.875,3.56,0.875
3.58,0.5,3.22,0.875,3.58,0.875
3.6,0.5,3.24,0.875,3.6,0.875
3.62,0.5,3.2600000000000002,0.875,3.62,0.875
3.64,0.5,3.2800000000000002,0.875,3.64,0.875
3.66,0.5,3.3000000000000003,0.875,3.66,0.875
3.68,0.5,3.32,0.875,3.68,0.875
3.7,0.5,3.34,0.875,3.7,0.875
3.72,0.5,3.36,0.875,3.72,0.875
3.74,0.5,3.38,0.875,3.74,0.875
3.7600000000000002,0.5,3.4,0.875,3.7600000000000002,0.875
3.7800000000000002,0.5,3.42,0.875,3.7800000000000002,0.875
3.8000000000000003,0.5,3.44,0.875,3.8000000000000003,0.875
3.82,0.5,3.46,0.875,3.82,0.875
3.84,0.5,3.48,0.875,3.84,0.875
3.86,0.5,3.5,0.875,3.86,0.875
3.88,0.5,3.52,0.875,3.88,0.875
3.9,0.5,3.54,0.875,3.9,0.875
3.92,0.5,3.56,0.875,3.92,0.875
3.94,0.5,3.58,0.875,3.94,0.875
3.96,0.5,3.6,0.875,3.96,0.875
3.98,0.5,3.62,0.875,3.98,0.875
4.0,0.5,3.64,0.875,4.0,0.875
4.02,0.5,3.66,0.875,4.02,0.875
4.04,0.5,3.68,0.875,4.04,0.875
4.0600000000000005,0.5,3.7,0.875,4.0600000000000005,0.875
4.08,0.5,3.72,0.875,4.08,0.875
4.1,0.5,3.74,0.875,4.1,0.875
4.12,0.5,3.7600000000000002,0.875,4.12,0.875
4.140000000000001,0.5,3.7800000000000002,0.875,4.140000000000001,0.875
4.16,0.5,3.8000000000000003,0.875,4.16,0.875
4.18,0.5,3.82,0.875,4.18,0.875
4.2,0.5,3.84,0.875,4.2,0.875
4.220000000000001,0.5,3.86,0.875,4.220000000000001,0.875
4.24,0.5,3.88,0.875,4.24,0.875
4.26,0.5,3.9,0.875,4.26,0.875
4.28,0.5,3.92,0.875,4.28,0.875
4.300000000000001,0.5,3.94,0.875,4.300000000000001,0.875
4.32,0.5,3.96,0.875,4.32,0.875
4.34,0.5,3.98,0.875,4.34,0.875
4.359999999999999,0.5,4.0,0.875,4.359999999999999,0.875
4.38,0.5,4.02,0.875,4.38,0.875
4.4,0.5,4.04,0.875,4.4,0.875
4.42,0.5,4.0600000000000005,0.875,4.42,0.875
4.4399999999999995,0.5,4.08,0.875,4.4399999999999995,0.875
4.46,0.5,4.1,0.875,4.46,0.875
4.48,0.5,4.12,0.875,4.48,0.875
4.5,0.5,4.140000000000001,0.875,4.5,0.875
4.52,0.5,4.16,0.875,4.52,0.875
4.54,0.5,4.18,0.875,4.54,0.875
4.5600000000000005,0.5,4.2,0.875,4.5600000000000005,0.875
4.58,0.5,4.220000000000001,0.875,4.58,0.875
4.6,0.5,4.24,0.875,4.6,0.875
4.62,0.5,4.26,0.875,4.62,0.875
4.640000000000001,0.5,4.28,0.875,4.640000000000001,0.875
4.66,0.5,4.300000000000001,0.875,4.66,0.875
4.68,0.5,4.32,0.875,4.68,0.875
4.7,0.5,4.34,0.875,4.7,0.875
4.720000000000001,0.5,4.359999999999999,0.875,4.720000000000001,0.875
4.74,0.5,4.38,0.875,4.74,0.875
4.76,0.5,4.4,0.875,4.76,0.875
4.78,0.5,4.42,0.875,4.78,0.875
4.800000000000001,0.5,4.4399999999999995,0.875,4.800000000000001,0.875
4.82,0.5,4.46,0.875,4.82,0.875
4.84,0.5,4.48,0.875,4.84,0.875
4.859999999999999,0.5,4.5,0.875,4.859999999999999,0.875
4.88,0.5,4.52,0.875,4.88,0.875
4.9,0.5,4.54,0.875,4.9,0.875
4.92,0.5,4.5600000000000005,0.875,4.92,0.875
4.9399999999999995,0.5,4.58,0.875,4.9399999999999995,0.875
4.96,0.5,4.6,0.875,4.96,0.875
4.98,0.5,4.62,0.875,4.98,0.875
5.0,0.5,4.640000000000001,0.875,5.0,0.875
